0.99328415127049
0.5
0.5
0.5
0.5
0.5
0.5
0.5
0.39924600932896964
0.5
0.6753964967970327
0.9293130593501323
0.8022895896899414
0.5199647423393451
0.24446103280584466
0.08915999039371006
0.3333333333333333
0.3333333333333333
0.3333333333333333
0.3333333333333333
0.3333333333333333
0.3333333333333333
0.09782097398035744
0.0090732567075256
0.01310185820925389
0.001021772653229746
0.5
0.49999999999818334
0.1373868522553992
0.4998067133180416
0.13533555921064722
0.5
0.5
0.5
0.5
0.5
0.5
0.5
0.5
0.5
0.5
0.5
0.5
0.5
0.5
0.5
0.5
0.5
0.16565088737400302
0.339060329847743
0.9984604582853922
0.9989742438245739
0.6525432008017
0.34775960108617654
0.44198358269459154
0.45518331430408016
0.4016303574433748
