0.5
0.5
0.5
0.5
0.5
0.5
0.5
0.5
0.4474426567171132
0.5
0.6506155689362372
0.8089331664219894
0.6631348032158328
0.9809760798411441
0.15569580450951293
0.0042053911315416
0.3333333333333333
0.3333333333333333
0.3333333333333333
0.3333333333333333
0.3333333333333333
0.3333333333333333
0.08189235600099733
0.012178732686109611
0.001036403441545164
0.006821904016934333
0.5
0.5
0.18195382506574387
0.13475740463281166
0.43532406405131385
0.5
0.5
0.5
0.5
0.5
0.5
0.5
0.5
0.5
0.5
0.5
0.5
0.5
0.5
0.5
0.5
0.5
0.5
0.6883998263721838
0.5123750504241047
0.7277252392325905
0.5
0.5
0.5
0.5
