0.5
0.5
0.5
0.5
0.5
0.5
0.5
0.5
0.3993336560309791
0.5
0.7623880360607879
0.5168803052019019
0.7720425270064344
0.6208086810629051
0.04430978519893995
0.004150786837119962
0.3333333333333333
0.3333333333333333
0.3333333333333333
0.3333333333333333
0.3333333333333333
0.3333333333333333
0.20402788410066497
0.011084773004774489
0.15522166837978482
0.022927920332086495
0.5
0.5
0.10282271105885939
0.46509322324338837
0.22096644426567472
0.5
0.5
0.5
0.5
0.5
0.5
0.5
0.5
0.5
0.5
0.5
0.5
0.5
0.5
0.5
0.5
0.5
0.5
0.003925047434089238
0.9979389573217969
0.5267611728879719
0.5643322439657684
0.5
0.5
0.5
0.5
