0.598318891360921
0.5
0.5
0.5
0.5
0.5
0.5
0.5
0.4223740865866563
0.5
0.7577125284233535
0.5027103661041096
0.8073835612951763
0.503535259379711
0.2900617152708169
0.25948424163809847
0.3333333333333333
0.3333333333333333
0.3333333333333333
0.3333333333333333
0.3333333333333333
0.3333333333333333
0.09076901525882905
0.2689679764037301
0.2192539406524826
0.06483195913667225
0.5
0.5
0.47414988472084024
0.0013030696941192894
0.13438186084354778
0.5
0.5
0.5
0.5
0.5
0.5
0.5
0.5
0.5
0.5
0.5
0.5
0.5
0.5
0.5
0.5
0.5
0.20745313611684113
0.23274201912236314
0.8877145439861586
0.9915718713600556
0.7717390885540397
0.4963835370638854
0.2234776370183099
0.4965655137247837
0.4583295772362428
