0.9987926047932846
0.5
0.5
0.5
0.5
0.5
0.5
0.5
0.4577274246283868
0.5
0.5430601459516121
0.9986149067601574
0.8076272298957993
0.5035274825747014
0.0011961273700381641
0.043795483588187974
0.3333333333333333
0.3333333333333333
0.3333333333333333
0.3333333333333333
0.5
0.36858478793996163
0.5
0.5
0.46230980590151766
0.0026483623868016914
0.14993443096246126
0.5
0.5
0.5
0.5
0.5
0.5
0.5
0.5
0.5
0.5
0.5
0.5
0.5
0.5
0.5
0.5
0.5
0.5
0.00621609950698267
0.9860006910676468
0.5934261290019778
0.9988031085846499
