0.9975278696907811
0.5
0.5
0.5
0.5
0.5
0.5
0.5
0.4572737540318715
0.5
0.6848111361986103
0.7077137230284767
0.6589543298971242
0.9941755001643358
0.02243969748549335
0.17598942343768575
0.3333333333333333
0.3333333333333333
0.3333333333333333
0.3333333333333333
0.3333333333333333
0.3333333333333333
0.015112249366625613
0.168439685390478
0.0012295751798234722
0.010862221082983573
0.5
0.4999999988761094
0.03811621607119309
0.29283926880814687
0.4893164690375935
0.5
0.5
0.5
0.5
0.5
0.5
0.5
0.5
0.5
0.5
0.5
0.5
0.5
0.5
0.5
0.5
0.5
0.5
0.9493651186832934
0.9742854467479434
0.7269016407992883
0.46573294200937054
0.34564574992758806
0.4670799213049579
0.3452212931048281
