0.9930127510005596
0.5
0.5
0.5
0.5
0.5
0.5
0.5
0.41743065996715484
0.5
0.731754444144792
0.5987263030381887
0.7830167035610612
0.5840549495069882
0.271477638001785
0.22151556538708192
0.3333333333333333
0.3333333333333333
0.3333333333333333
0.3333333333333333
0.3333333333333333
0.3333333333333333
0.0013597383168334788
0.08496752548731108
0.008440782640250704
0.23190625049079922
0.5
0.5
0.0018951240185537941
0.36560810144814926
0.47029226311568784
0.5
0.5
0.5
0.5
0.5
0.5
0.5
0.5
0.5
0.5
0.5
0.5
0.5
0.5
0.5
0.5
0.5
0.5
0.0023554518033397703
0.6637075002417139
0.998502645090814
0.9908591138924053
0.3930702431186018
0.3564466016436733
0.39071698355293627
0.49067853510708564
