0.5
0.5
0.5
0.5
0.5
0.5
0.5
0.5
0.4008931723606379
0.5
0.7783828646965256
0.5032084015880363
0.7672611548328738
0.6355093597225061
0.16237659371319096
0.16277848670829737
0.3333333333333333
0.3333333333333333
0.3333333333333333
0.3333333333333333
0.3333333333333333
0.3333333333333333
0.3157368098909586
0.3251624216188743
0.08333333333333331
0.008479552434051059
0.5
0.5
0.08534444617892173
0.2148863177482111
0.4972754187114692
0.5
0.5
0.5
0.5
0.5
0.5
0.5
0.5
0.5
0.5
0.5
0.5
0.5
0.5
0.5
0.5
0.5
0.5
0.5125666388172255
0.5055242716760988
0.819715849623871
0.5
0.5
0.5
0.5
