0.5
0.5
0.5
0.5
0.5
0.5
0.5
0.5
0.40157831511523295
0.5
0.7155691278244106
0.6428986735792173
0.7786639432257008
0.599516937833632
0.08181210789218483
0.013407112318221583
0.3333333333333333
0.3333333333333333
0.3333333333333333
0.3333333333333333
0.3333333333333333
0.3333333333333333
0.03412503203326372
0.0017311132232272972
0.0017818193369071485
0.007699280485839788
0.5
0.5
0.0010309869821682849
0.4911433512299184
0.3466388800540888
0.5
0.5
0.5
0.5
0.5
0.5
0.5
0.5
0.5
0.5
0.5
0.5
0.5
0.5
0.5
0.5
0.5
0.5
0.0025736305290830846
0.6216684337449709
0.5294265515598818
0.7626512770940651
0.5
0.5
0.5
0.5
