0.9828412265150942
0.5
0.5
0.5
0.5
0.5
0.5
0.5
0.011455779097983426
0.5
0.7788684608095815
0.5678949302186272
0.8042765171489192
0.5141043667991275
0.25399926987806004
0.0012371411733481932
0.3333333333333333
0.3333333333333333
0.3333333333333333
0.3333333333333333
0.3333333333333333
0.3333333333333333
0.0010671225885676532
0.0011958770755816216
0.31849999650451866
0.0010371979938327783
0.5
0.5
0.18243080616127208
0.07850693269154889
0.4895799614759216
0.5
0.5
0.5
0.5
0.5
0.5
0.5
0.5
0.5
0.5
0.5
0.5
0.5
0.5
0.5
0.5
0.5
0.5
0.9087428667925255
0.9989971951217428
0.7350263680563912
0.4549009668014038
0.32580224041429107
0.4700131984043522
0.4092584705385304
