0.9971871475557499
0.5
0.5
0.5
0.5
0.5
0.5
0.5
0.4717061651895688
0.5
0.7298031790760365
0.608949559506043
0.7925249424258329
0.5536833609809613
0.3165389010949893
0.17026123756779116
0.3333333333333333
0.3333333333333333
0.3333333333333333
0.3333333333333333
0.3333333333333333
0.3333333333333333
0.32553411651007447
0.0019628040571155695
0.02968422337058957
0.043211454544095675
0.5
0.5
0.22968965023802748
0.0014696226935275907
0.4968155543448207
0.5
0.5
0.5
0.5
0.5
0.5
0.5
0.5
0.5
0.5
0.5
0.5
0.5
0.5
0.5
0.5
0.5
0.5
0.0010545757538234224
0.5919028277084001
0.9976032555464102
0.9987995259216931
0.4982718526102261
0.4000509448635699
0.3829317995519149
0.367410155947396
