0.9929133023609171
0.5
0.5
0.5
0.5
0.5
0.5
0.5
0.4361106274700024
0.5
0.7306710019140779
0.6156776573161654
0.6580280154621091
0.9984489371009792
0.18812453935894233
0.06250791669182217
0.3333333333333333
0.3333333333333333
0.3333333333333333
0.3333333333333333
0.3333333333333333
0.3333333333333333
0.004473524577649567
0.2943494104208928
0.0013452548954368622
0.02712293991973217
0.5
0.5
0.13720576456078667
0.24692444288142038
0.38828595992121295
0.5
0.5
0.5
0.5
0.5
0.5
0.5
0.5
0.5
0.5
0.5
0.5
0.5
0.5
0.5
0.5
0.5
0.11356828609287929
0.4361086150386423
0.9812436880921815
0.9982153385050169
0.6677518948772887
0.4238756334595162
0.45042771550350347
0.4266485235073907
0.36686973905854386
