0.9860891995993307
0.5
0.5
0.5
0.5
0.5
0.5
0.5
0.48998210086454685
0.5
0.5512224117469677
0.6143554685867152
0.6926368911430109
0.882034986407278
0.18207771809502685
0.061054348860397116
0.3333333333333333
0.3333333333333333
0.3333333333333333
0.3333333333333333
0.5
0.0012032040476489486
0.5
0.5
0.2667866540873428
0.423837993290543
0.019413437318083107
0.5
0.5
0.5
0.5
0.5
0.5
0.5
0.5
0.5
0.5
0.5
0.5
0.5
0.5
0.5
0.5
0.5
0.5
0.0022900902962623634
0.9831981681803253
0.7006299322696135
0.968950951972853
