0.9560973500529174
0.5
0.5
0.5
0.5
0.5
0.5
0.5
0.14763012293423794
0.5
0.6855494601340085
0.7197615920103522
0.7894249125941051
0.563231585366067
0.12751721975949643
0.2094509052170801
0.3333333333333333
0.3333333333333333
0.3333333333333333
0.3333333333333333
0.3333333333333333
0.3333333333333333
0.001124695531087204
0.0013219861285635
0.03292128229755674
0.020261414600069236
0.5
0.5
0.25727562551210964
0.0018207587941067049
0.4552955182102969
0.5
0.5
0.5
0.5
0.5
0.5
0.5
0.5
0.5
0.5
0.5
0.5
0.5
0.5
0.5
0.5
0.5
0.2435362567864629
0.2944014337783044
0.7100686091468766
0.9601236771274727
0.9828854962304129
0.32947088574061084
0.4624598235821401
0.4938530211741966
0.37601803290337515
