0.5
0.5
0.5
0.5
0.5
0.5
0.5
0.5
0.19004307692320727
0.5
0.7302271868345207
0.5039914442725915
0.7684845381386634
0.6314204406265027
0.002615413509902839
0.0038071544409144717
0.3333333333333333
0.3333333333333333
0.3333333333333333
0.3333333333333333
0.3333333333333333
0.3333333333333333
0.037941495635664235
0.0703646669692283
0.0020214996448972337
0.10061046388452044
0.5
0.5
0.0792728794079113
0.22105719501603607
0.5
0.5
0.5
0.5
0.5
0.5
0.5
0.5
0.5
0.5
0.5
0.5
0.5
0.5
0.5
0.5
0.5
0.5
0.5
0.99553235789355
0.5236323589328583
0.5674518769830292
0.5
0.5
0.5
0.5
