0.5
0.5
0.5
0.5
0.5
0.5
0.5
0.5
0.25005881936206753
0.5
0.7379118259232947
0.5835772875298808
0.6660009571241393
0.972169862632253
0.05031549841489133
0.01691309640203459
0.3333333333333333
0.3333333333333333
0.3333333333333333
0.3333333333333333
0.3333333333333333
0.3333333333333333
0.03044485277541454
0.10758109771082992
0.0016951343060732371
0.018126342653449923
0.5
0.5
0.2773194694330425
0.026984195937738736
0.40009472679404867
0.5
0.5
0.5
0.5
0.5
0.5
0.5
0.5
0.5
0.5
0.5
0.5
0.5
0.5
0.5
0.5
0.5
0.5
0.0020992306644753884
0.9083011819791048
0.5240450623879092
0.611624229278332
0.5
0.5
0.5
0.5
