0.5
0.5
0.5
0.5
0.5
0.5
0.5
0.5
0.3881965929902426
0.5
0.7466118562766373
0.5741961072537128
0.6629540653909952
0.9808231942587963
0.0011806422787833046
0.2694628339069826
0.3333333333333333
0.3333333333333333
0.3333333333333333
0.3333333333333333
0.3333333333333333
0.3333333333333333
0.02213596038635679
0.01224741629409589
0.002254734783614246
0.26397121392605444
0.5
0.5
0.008693036861696712
0.42947597134005827
0.3972561646332569
0.5
0.5
0.5
0.5
0.5
0.5
0.5
0.5
0.5
0.5
0.5
0.5
0.5
0.5
0.5
0.5
0.5
0.5
0.0011452550222012525
0.5402149355032912
0.6430708150994212
0.7396542662410195
0.5
0.5
0.5
0.5
