0.9974507226388224
0.5
0.5
0.5
0.5
0.5
0.5
0.5
0.37650832733465056
0.5
0.7634029459731188
0.5167102221477492
0.7559070224661323
0.6747856330242383
0.06739656299322996
0.021393837861713064
0.3333333333333333
0.3333333333333333
0.3333333333333333
0.3333333333333333
0.3333333333333333
0.3333333333333333
0.020285163490436242
0.15729379407558852
0.0014309976894777698
0.018485626585633977
0.5
0.5
0.38594411869608375
0.005248149189517608
0.26058617311097965
0.5
0.5
0.5
0.5
0.5
0.5
0.5
0.5
0.5
0.5
0.5
0.5
0.5
0.5
0.5
0.5
0.5
0.26411760447108623
0.0827061106972792
0.9982325275851747
0.9214446360846265
0.535642769195529
0.47948942325785604
0.40095336339435084
0.4895546376990316
0.26215517800678323
