0.5
0.5
0.5
0.5
0.5
0.5
0.5
0.5
0.4005077632147696
0.5
0.6853836271694906
0.7307925532447113
0.6575935558687495
0.9977185435364418
0.005260484093835456
0.002349889088252231
0.3333333333333333
0.3333333333333333
0.3333333333333333
0.3333333333333333
0.3333333333333333
0.3333333333333333
0.0022059620957472492
0.00964261419767394
0.02821928047909747
0.01878631899604602
0.5
0.5
0.002326329006033589
0.48328181573865664
0.3519483271867178
0.5
0.5
0.5
0.5
0.5
0.5
0.5
0.5
0.5
0.5
0.5
0.5
0.5
0.5
0.5
0.5
0.5
0.5
0.6577772551205283
0.6294697388252781
0.7224702031344052
0.5
0.5
0.5
0.5
