0.9984246592004603
0.5
0.5
0.5
0.5
0.5
0.5
0.5
0.4831014694453788
0.5
0.7405532333047131
0.5760515562320052
0.7343529047069142
0.7249835458043136
0.2858247484719006
0.3318076914513815
0.3333333333333333
0.3333333333333333
0.3333333333333333
0.3333333333333333
0.3333333333333333
0.3333333333333333
0.0016936131213772382
0.02017260396687071
0.040364581408420704
0.046449571187665475
0.5
0.49999999986393584
0.08413038128116597
0.4241106738661516
0.28967033752530263
0.5
0.5
0.5
0.5
0.5
0.5
0.5
0.5
0.5
0.5
0.5
0.5
0.5
0.5
0.5
0.5
0.5
0.15160034705359707
0.37773341994039356
0.9987364528729259
0.9012872256246748
0.7490595279996748
0.3104349793319968
0.3855715109972847
0.41760850535799504
0.4995973509487488
