0.5
0.5
0.5
0.5
0.5
0.5
0.5
0.5
0.20214355944306187
0.5
0.7577721764410753
0.5313352630927098
0.6579531139482321
0.9984188659696351
0.026050230179953116
0.001344123926734165
0.3333333333333333
0.3333333333333333
0.3333333333333333
0.3333333333333333
0.3333333333333333
0.3333333333333333
0.22769585724456023
0.006121470788048101
0.2987094707404482
0.09788950649508897
0.5
0.5
0.2135833848167802
0.37103842877968085
0.15194113899030856
0.5
0.5
0.5
0.5
0.5
0.5
0.5
0.5
0.5
0.5
0.5
0.5
0.5
0.5
0.5
0.5
0.5
0.5
0.9892207482553221
0.5982994141485642
0.533021283852832
0.5
0.5
0.5
0.5
