0.5
0.5
0.5
0.5
0.5
0.5
0.5
0.5
0.4887469074407744
0.5
0.7291564852676601
0.5735711792677793
0.7378940481103045
0.7342341896082268
0.035409923880260104
0.023039607080019297
0.3333333333333333
0.3333333333333333
0.3333333333333333
0.3333333333333333
0.3333333333333333
0.3333333333333333
0.019146901769814328
0.02097148966144101
0.0013222708310919864
0.13109775363928672
0.5
0.5
0.2546694026460938
0.005207949013258534
0.4567558711580641
0.5
0.5
0.5
0.5
0.5
0.5
0.5
0.5
0.5
0.5
0.5
0.5
0.5
0.5
0.5
0.5
0.5
0.5
0.00193822309578123
0.5442698765136103
0.9831667941218389
0.5631945911381147
0.5
0.5
0.5
0.5
