0.5
0.5
0.5
0.5
0.5
0.5
0.5
0.5
0.3666551019300993
0.5
0.5896531804392129
0.9737425073279439
0.7565101910636972
0.6722078145013418
0.05949019313500556
0.049270047117165414
0.3333333333333333
0.3333333333333333
0.3333333333333333
0.3333333333333333
0.3333333333333333
0.3333333333333333
0.010561173428354585
0.32585373245638655
0.03295816838817327
0.022611585983026206
0.5
0.5
0.2959710204816499
0.1479188561583198
0.2531932151230032
0.5
0.5
0.5
0.5
0.5
0.5
0.5
0.5
0.5
0.5
0.5
0.5
0.5
0.5
0.5
0.5
0.5
0.5
0.810956012070949
0.6439300226216136
0.5998042128597415
0.5
0.5
0.5
0.5
