0.5
0.5
0.5
0.5
0.5
0.5
0.5
0.5
0.25541931890625946
0.5
0.763019412785057
0.5182307463543653
0.760688684193727
0.6585366700795648
0.03424647195107848
0.2630846519175275
0.3333333333333333
0.3333333333333333
0.3333333333333333
0.3333333333333333
0.3333333333333333
0.3333333333333333
0.004226997590350541
0.0015192968774054025
0.1839769245478547
0.063647234118752
0.5
0.5
0.1578442987018819
0.34613876760090573
0.25983963452247094
0.5
0.5
0.5
0.5
0.5
0.5
0.5
0.5
0.5
0.5
0.5
0.5
0.5
0.5
0.5
0.5
0.5
0.5
0.0022963555170266237
0.5863962242080037
0.5132597174611361
0.7790540443207709
0.5
0.5
0.5
0.5
