0.9987963183741649
0.5
0.5
0.5
0.5
0.5
0.5
0.5
0.4717110140827456
0.5
0.5856161172698326
0.8150988835579425
0.656497880419522
0.9985629810652564
0.2578602822347372
0.3191055711464075
0.3333333333333333
0.3333333333333333
0.3333333333333333
0.3333333333333333
0.3333333333333333
0.3333333333333333
0.0016071165578456052
0.26465292603176094
0.16398732098465893
0.2327925010277852
0.5
0.5
0.10619688448887991
0.1891532097881248
0.4919227255755534
0.5
0.5
0.5
0.5
0.5
0.5
0.5
0.5
0.5
0.5
0.5
0.5
0.5
0.5
0.5
0.5
0.5
0.2993524231400252
0.0010620056221096533
0.9984028655294109
0.711772280751077
0.9419609507879697
0.46367381817482495
0.46020974333512543
0.4789365532053568
0.20482998697974283
