0.750511324900925
0.5
0.5
0.5
0.5
0.5
0.5
0.5
0.4804208713522045
0.5
0.6999766845275112
0.6583889382332312
0.6459471771439814
0.9980313008107452
0.02775019900507686
0.007179089080689165
0.3333333333333333
0.3333333333333333
0.3333333333333333
0.3333333333333333
0.3333333333333333
0.3333333333333333
0.0010350134487188726
0.07619588266585003
0.008787426809388339
0.047059642991324604
0.5
0.5
0.3727828916857815
0.2845791526279602
0.0010277473886496232
0.5
0.5
0.5
0.5
0.5
0.5
0.5
0.5
0.5
0.5
0.5
0.5
0.5
0.5
0.5
0.5
0.5
0.26660140276463895
0.0748196697993234
0.8965567062684775
0.925288058146053
0.8295525655827674
0.4434244702494523
0.4050459429802837
0.47236159684774376
0.3163397215931606
