0.5
0.5
0.5
0.5
0.5
0.5
0.5
0.5
0.4037429787637061
0.5
0.6800140892215021
0.577428333200008
0.7525619015796982
0.685615914833757
0.2123767199099867
0.04392647881849062
0.3333333333333333
0.3333333333333333
0.3333333333333333
0.3333333333333333
0.3333333333333333
0.3333333333333333
0.10320558876570503
0.0018662010520404766
0.001682152477704109
0.1889030149106938
0.5
0.5
0.009886199633706912
0.4749353995840167
0.3491199882841971
0.5
0.5
0.5
0.5
0.5
0.5
0.5
0.5
0.5
0.5
0.5
0.5
0.5
0.5
0.5
0.5
0.5
0.5
0.7565150013926607
0.7817903298298039
0.557607370849367
0.5
0.5
0.5
0.5
