0.9888827877128876
0.5
0.5
0.5
0.5
0.5
0.5
0.5
0.4653527208421593
0.5
0.765242910921375
0.5565034110608817
0.7331905177950673
0.7498266443904246
0.2660910778448041
0.2121204280661581
0.3333333333333333
0.3333333333333333
0.3333333333333333
0.3333333333333333
0.3333333333333333
0.3333333333333333
0.0012542202274785025
0.0012626749390348493
0.025502551480636335
0.06498149899739136
0.5
0.5
0.032357638505954876
0.42828309510217155
0.36318724850998774
0.5
0.5
0.5
0.5
0.5
0.5
0.5
0.5
0.5
0.5
0.5
0.5
0.5
0.5
0.5
0.5
0.5
0.5
0.002167678492161362
0.9981312047126254
0.6725470568321715
0.982325110124895
0.37667994989061215
0.3335492845098404
0.42012301819597764
0.46160167879752745
