0.8641688968521116
0.5
0.5
0.5
0.5
0.5
0.5
0.5
0.22456751041948192
0.5
0.5776891866733403
0.8981824584506041
0.7754141475866089
0.6094506743053496
0.29447194050105635
0.0016753529309143974
0.3333333333333333
0.3333333333333333
0.3333333333333333
0.3333333333333333
0.3333333333333333
0.3333333333333333
0.21690269021015154
0.0017111107468977566
0.22637630189390429
0.006993234134844872
0.5
0.5
0.4456136320661383
0.09661641158791959
0.08087855063956724
0.5
0.5
0.5
0.5
0.5
0.5
0.5
0.5
0.5
0.5
0.5
0.5
0.5
0.5
0.5
0.5
0.5
0.5
0.9921228958222419
0.9941844618359582
0.6635019269230048
0.5
0.25079691799659753
0.5
0.30326070903824925
