0.9986101264886726
0.5
0.5
0.5
0.5
0.5
0.5
0.5
0.4612959600036955
0.5
0.7348754533151979
0.5902413620835738
0.6567295961760907
0.9982079891651189
0.31528971521624877
0.24059546981460422
0.3333333333333333
0.3333333333333333
0.3333333333333333
0.3333333333333333
0.3333333333333333
0.3333333333333333
0.009950761938866591
0.012638578403915614
0.050677829784727235
0.01677021905826996
0.5
0.5
0.044514370170546304
0.355354077634939
0.41731741233213626
0.5
0.5
0.5
0.5
0.5
0.5
0.5
0.5
0.5
0.5
0.5
0.5
0.5
0.5
0.5
0.5
0.5
0.23896029860370352
0.15224708974283954
0.7843474869678779
0.9796737537432648
0.8881157212582584
0.42377302588720883
0.4084355991622289
0.342318264326024
0.4364090545582964
