0.5
0.5
0.5
0.5
0.5
0.5
0.5
0.5
0.40055575155544504
0.5
0.6586520061674948
0.7929430440583262
0.6578316621580109
0.998042323585675
0.2978051134250984
0.007845814273756354
0.3333333333333333
0.3333333333333333
0.3333333333333333
0.3333333333333333
0.3333333333333333
0.3333333333333333
0.25722811958436603
0.17800645222332587
0.017781079600512298
0.0013304390810184824
0.5
0.5
0.4325607738813776
0.0011121152197898672
0.19733548823937763
0.5
0.5
0.5
0.5
0.5
0.5
0.5
0.5
0.5
0.5
0.5
0.5
0.5
0.5
0.5
0.5
0.5
0.5
0.5271133423622167
0.5102520764081909
0.8104072100663184
0.5
0.5
0.5
0.5
