0.988319561433592
0.5
0.5
0.5
0.5
0.5
0.5
0.5
0.22064950777310888
0.5
0.7083127345950981
0.6522906515298882
0.7517569492455466
0.6880317044490204
0.2726741683923321
0.30473148680347667
0.3333333333333333
0.3333333333333333
0.3333333333333333
0.3333333333333333
0.3333333333333333
0.3333333333333333
0.006643803566934682
0.0018933688632599994
0.219646398804997
0.037390654581993754
0.5
0.5
0.14168236224709102
0.37454486307146434
0.2540636830812732
0.5
0.5
0.5
0.5
0.5
0.5
0.5
0.5
0.5
0.5
0.5
0.5
0.5
0.5
0.5
0.5
0.5
0.22324076201503684
0.19131385105049456
0.9588671839431107
0.9476700469438128
0.7434093126809814
0.4329260642026842
0.36358911393308224
0.4185287178932548
0.4517640097019439
