0.5
0.5
0.5
0.5
0.5
0.5
0.5
0.5
0.45384183909675146
0.5
0.7067597176403695
0.6659159169297995
0.6579021235321489
0.9972661838387733
0.23780205933555698
0.17774100373473062
0.3333333333333333
0.3333333333333333
0.3333333333333333
0.3333333333333333
0.3333333333333333
0.3333333333333333
0.005666299793013318
0.01621085767761979
0.017093670447805354
0.09174130857049567
0.5
0.5
0.22977992480241993
0.49186749679499914
0.005814957320648202
0.5
0.5
0.5
0.5
0.5
0.5
0.5
0.5
0.5
0.5
0.5
0.5
0.5
0.5
0.5
0.5
0.5
0.5
0.0020358893674013584
0.5303841490342822
0.9983561685748149
0.5725862455993528
0.5
0.5
0.5
0.5
