0.5
0.5
0.5
0.5
0.5
0.5
0.5
0.5
0.3182799948801428
0.5
0.6145584394159832
0.9046451685579112
0.7968551356667702
0.5394462158726601
0.12183686004694891
0.015940569417731497
0.3333333333333333
0.3333333333333333
0.3333333333333333
0.3333333333333333
0.3333333333333333
0.3333333333333333
0.002155878835292757
0.0016322770768542366
0.022759194437926733
0.23049235315804908
0.5
0.5000000008814554
0.26865739710719677
0.0016410601508363317
0.4387461687550779
0.5
0.5
0.5
0.5
0.5
0.5
0.5
0.5
0.5
0.5
0.5
0.5
0.5
0.5
0.5
0.5
0.5
0.5
0.0023759182982529244
0.5881903386757468
0.715090026363489
0.6760919831951674
0.5
0.5
0.5
0.5
