0.9548003123496722
0.5
0.5
0.5
0.5
0.5
0.5
0.5
0.02228926792140895
0.5
0.611780439018389
0.895624341424782
0.7853512266974374
0.5775192138696458
0.33326628188417184
0.22461279129156705
0.3333333333333333
0.3333333333333333
0.3333333333333333
0.3333333333333333
0.3333333333333333
0.3333333333333333
0.03801272208496069
0.013779403820049503
0.005529534953810488
0.00118293080278841
0.5
0.5000000000740149
0.043154682003276934
0.34576739558693864
0.42958836904938164
0.5
0.5
0.5
0.5
0.5
0.5
0.5
0.5
0.5
0.5
0.5
0.5
0.5
0.5
0.5
0.5
0.5
0.15805394753507457
0.3645729684521116
0.8993904240812195
0.7562890334991936
0.9977343407536299
0.44356424902855246
0.5
0.15950168158875883
0.5
