0.5
0.5
0.5
0.5
0.5
0.5
0.5
0.5
0.36462365773790995
0.5
0.7499375777325039
0.5521904264049339
0.6576211018999429
0.997873073560956
0.19398789029374489
0.10205403426618292
0.3333333333333333
0.3333333333333333
0.3333333333333333
0.3333333333333333
0.3333333333333333
0.3333333333333333
0.13479843690351523
0.001971881341537951
0.005537107992579772
0.03220210657649644
0.5
0.5
0.36704813121803515
0.2792724168530605
0.014742086709794211
0.5
0.5
0.5
0.5
0.5
0.5
0.5
0.5
0.5
0.5
0.5
0.5
0.5
0.5
0.5
0.5
0.5
0.5
0.5894166085698055
0.9984568865577083
0.5329941285841475
0.5
0.5
0.5
0.5
