0.5
0.5
0.5
0.5
0.5
0.5
0.5
0.5
0.18842072947424848
0.5
0.565871128070295
0.989758137572219
0.656702202244607
0.9981280427951006
0.06260229563583929
0.2025007229863726
0.3333333333333333
0.3333333333333333
0.3333333333333333
0.3333333333333333
0.3333333333333333
0.3333333333333333
0.0282066887036381
0.0017991765863474814
0.0445056556687825
0.001089354791859184
0.5
0.5
0.20537209525361372
0.47292430766409627
0.06211983650764091
0.5
0.5
0.5
0.5
0.5
0.5
0.5
0.5
0.5
0.5
0.5
0.5
0.5
0.5
0.5
0.5
0.5
0.5
0.515208554257547
0.9981413453030612
0.57012715617616
0.5
0.5
0.5
0.5
