0.5
0.5
0.5
0.5
0.5
0.5
0.5
0.5
0.10078028661085163
0.5
0.8201732814256888
0.5008259705554869
0.7872696709404391
0.5896602541795459
0.005758247332610439
0.003887210391588158
0.3333333333333333
0.3333333333333333
0.3333333333333333
0.3333333333333333
0.3333333333333333
0.3333333333333333
0.0010790187017994763
0.020029756285936895
0.01471224342419665
0.007251544278403018
0.5
0.500000003738105
0.37087872964955704
0.25415013305930595
0.0340891816000355
0.5
0.5
0.5
0.5
0.5
0.5
0.5
0.5
0.5
0.5
0.5
0.5
0.5
0.5
0.5
0.5
0.5
0.5
0.0010648461748162946
0.7886751354992045
0.800780946477393
0.5340652578601631
0.5
0.5
0.5
0.5
