0.5
0.5
0.5
0.5
0.5
0.5
0.5
0.5
0.4000337642313238
0.5
0.6122082010395065
0.9149840926286288
0.6915755890476442
0.8860466644426871
0.008311029158397008
0.042080986849386964
0.3333333333333333
0.3333333333333333
0.3333333333333333
0.3333333333333333
0.3333333333333333
0.3333333333333333
0.004016475927100464
0.04863293847238376
0.0013615132669803943
0.07645488487927847
0.5
0.5
0.17215153062473243
0.14310286567524153
0.440313387621264
0.5
0.5
0.5
0.5
0.5
0.5
0.5
0.5
0.5
0.5
0.5
0.5
0.5
0.5
0.5
0.5
0.5
0.5
0.001885774796832493
0.5
0.8530094466296017
0.7543820328478127
0.5
0.5
0.5
0.5
