0.5
0.5
0.5
0.5
0.5
0.5
0.5
0.5
0.38749165197596086
0.5
0.766759408133334
0.504756571503285
0.7682050071428973
0.633282769704112
0.005796243227447248
0.00122180626306362
0.3333333333333333
0.3333333333333333
0.3333333333333333
0.3333333333333333
0.3333333333333333
0.3333333333333333
0.01872599432936302
0.002308880733528339
0.001895638238956515
0.024357044571849923
0.5
0.5
0.2914164841744213
0.39722488222623836
0.009031194699861326
0.5
0.5
0.5
0.5
0.5
0.5
0.5
0.5
0.5
0.5
0.5
0.5
0.5
0.5
0.5
0.5
0.5
0.5
0.8379963555657386
0.68868055271792
0.5635454738647661
0.5
0.5
0.5
0.5
