0.9985457888410787
0.5
0.5
0.5
0.5
0.5
0.5
0.5
0.26186214366109367
0.5
0.7290048868558727
0.5968809855310874
0.6571837671601982
0.9982480749549241
0.06140689061485738
0.3305502991034402
0.3333333333333333
0.3333333333333333
0.3333333333333333
0.3333333333333333
0.3333333333333333
0.3333333333333333
0.04597944261432524
0.27301813958161514
0.0011166421444099325
0.017394772061933378
0.5
0.5
0.05736543906769487
0.5
0.2536277773545486
0.5
0.5
0.5
0.5
0.5
0.5
0.5
0.5
0.5
0.5
0.5
0.5
0.5
0.5
0.5
0.5
0.5
0.11585740789619843
0.4772865757123384
0.858492689068147
0.956448185054097
0.5098109750503018
0.18879231574102298
0.48785683966200893
0.4927265659449201
0.49922411822648816
