0.9983903535344812
0.5
0.5
0.5
0.5
0.5
0.5
0.5
0.46597527346041656
0.5
0.7563072388003346
0.5131583672902025
0.6574934257889344
0.9980202195847001
0.2805533586757503
0.30539105771927716
0.3333333333333333
0.3333333333333333
0.3333333333333333
0.3333333333333333
0.3333333333333333
0.3333333333333333
0.05117974097211429
0.014500559704788174
0.048350224268013255
0.04619268277974651
0.5
0.5
0.15832777132870574
0.47609274244418626
0.1277137613149821
0.5
0.5
0.5
0.5
0.5
0.5
0.5
0.5
0.5
0.5
0.5
0.5
0.5
0.5
0.5
0.5
0.5
0.17651988715982442
0.3627491117479282
0.9983259281221546
0.6996188991524446
0.9543934799584746
0.4995726724217682
0.42141195722417596
0.45357053177716905
0.24665640659285182
